00100111101111011111111111101000
10101111101111100000000000010100
00000000000111011111000000100001
00111100000000010000000000000001
00110100001000100000000000000000
00110100010000100010001100100001
10101111110000100000000000001000
10101111110000000000000000000000
10001111110000100000000000001000
10101111110000100000000000000100
10101111110000000000000000001100
00000100000000010000000000001100
00000000000000000000000000000000
10001111110000100000000000000000
00000000000000100001000100000000
10101111110000100000000000000000
10001111110000100000000000000100
00110000010000100000000000001111
10001111110000110000000000000000
00000000011000100001000000100001
10101111110000100000000000000000
10001111110000100000000000000100
00000000000000100001000100000011
10101111110000100000000000000100
10001111110000100000000000000100
00011100010000001111111111110011
00000000000000000000000000000000
10001111110000110000000000001000
10001111110000100000000000000000
00010100011000100000000000000101
00000000000000000000000000000000
00100100000000100000000000000001
10101111110000100000000000001100
00000100000000010000000000000010
00000000000000000000000000000000
10101111110000000000000000001100
00000100000000011111111111111111
00000000000000000000000000000000
