_C_b169b91b_0 9c 0 20 0 3ff00000 
_C_93795f3_0 94 0 20 0 0 7fffeff0 
_C_ab1e9a_0 8c 0 c8 0 0 74757265 0 20436170 0 57617665 0 696e6720 0 74617274 0 743a2053 0 25 
_C_ed980e7f_0 8c 0 8 0 0 72 
_C_f9704f48_0 8c 0 20 0 0 77617665 
_C_ea5fd6d5_0 8c 0 70 0 0 2e747874 0 5f6d656d 0 61636865 0 6963 
_C_7397154b_0 8c 0 170 0 0 2a2a2a2a 0 2a2a2a2a 0 2a2a2a2a 0 442a2a2a 0 41525445 0 45205354 0 54434153 0 20544553 0 2a2a2a2a 0 2a2a2a2a 0 2a2a2a2a 0 2a2a 
_C_4df8f7b9_0 84 0 2 0 0 2 
_C_1e8f8d11_0 8c 0 50 0 0 2e747874 0 5f6d656d 0 7266 
_C_45440816_0 8c 0 18 0 0 253062 
_C_b35bc3_0 84 0 20 0 0 0 
_C_90622a6d_0 8c 0 70 0 0 2e747874 0 5f6d656d 0 61636865 0 6463 
_C_351a8780_0 94 0 20 0 0 0 
_C_cbe489e2_0 84 0 40 0 0 4 0 0 
